female1:0.072142,2.262301,-0.838276,0.555302,-1.208474,0.315354,0.628064,1.094565,-0.86992,1.078559
female2:0.416253,-0.466437,1.328431,0.244117,0.017981,0.674019,2.158773,1.213436,-0.147209,-1.993092
male1:-1.058279,-1.18184,-0.948869,-0.465586,0.602541,-0.009986,1.482222,0.107571,-0.500508,0.621116
male2:-1.137818,0.694496,1.491384,-1.215383,-1.954903,-0.526179,-0.076833,2.440973,0.385671,-0.67318
male3:0.605784,-1.791832,-2.38548,-0.20408,2.060809,-0.279794,-0.053327,0.146083,0.17199,-0.339695
male4(henry):-1.668695,-1.009114,-0.342256,-0.047557,0.068178,0.114788,0.08937,-0.056625,0.050763,0.066754